{
    "basis_align": [
        [
            [
                0.3623749017715454,
                -2.7452575768194265e-09,
                -0.9320324063301086
            ],
            [
                -0.9164985418319702,
                0.18181189894676208,
                -0.356335312128067
            ],
            [
                0.16945457458496094,
                0.9833333492279053,
                0.0658840611577034
            ]
        ],
        [
            [
                -0.8967828154563904,
                -2.0793615718162073e-09,
                0.4424709975719452
            ],
            [
                0.4203474223613739,
                0.31224992871284485,
                0.8519436717033386
            ],
            [
                -0.13816151022911072,
                0.949999988079071,
                -0.2800203561782837
            ]
        ],
        [
            [
                0.960144579410553,
                4.348823523514511e-09,
                0.2795037627220154
            ],
            [
                0.2562117576599121,
                0.3996526300907135,
                -0.8801325559616089
            ],
            [
                -0.11170440912246704,
                0.9166666865348816,
                0.38372430205345154
            ]
        ],
        [
            [
                -0.5191786885261536,
                2.919906316734e-09,
                -0.8546657562255859
            ],
            [
                -0.7549547553062439,
                0.4687453806400299,
                0.45860782265663147
            ],
            [
                0.40062063932418823,
                0.8833333253860474,
                -0.24336260557174683
            ]
        ],
        [
            [
                -0.19449222087860107,
                4.621896199097364e-09,
                0.9809040427207947
            ],
            [
                0.8337684869766235,
                0.526782751083374,
                0.16531839966773987
            ],
            [
                -0.5167233347892761,
                0.8500000238418579,
                -0.10245514661073685
            ]
        ],
        [
            [
                0.8060036897659302,
                2.9818867375297486e-09,
                -0.5919105410575867
            ],
            [
                -0.4833936095237732,
                0.5771096348762512,
                -0.6582363247871399
            ],
            [
                0.341597318649292,
                0.8166666626930237,
                0.4651525020599365
            ]
        ],
        [
            [
                -0.9941518306732178,
                -1.4782417512293478e-09,
                -0.10799126327037811
            ],
            [
                -0.08459316939115524,
                0.6216018795967102,
                0.778752326965332
            ],
            [
                0.06712757050991058,
                0.783333420753479,
                -0.6179666519165039
            ]
        ],
        [
            [
                0.6601095795631409,
                -5.154250359851176e-10,
                0.7511693239212036
            ],
            [
                0.5633770227432251,
                0.6614378094673157,
                -0.49508222937583923
            ],
            [
                -0.4968518018722534,
                0.75,
                0.43662142753601074
            ]
        ],
        [
            [
                0.020663324743509293,
                -1.3418638422635354e-10,
                -0.9997864961624146
            ],
            [
                -0.7165136337280273,
                0.6974158883094788,
                -0.0148087153211236
            ],
            [
                0.6972669959068298,
                0.7166666388511658,
                0.014410930685698986
            ]
        ],
        [
            [
                -0.6905825734138489,
                -9.069530904071144e-09,
                0.7232535481452942
            ],
            [
                0.4942232668399811,
                0.7301065325737,
                0.4718981087207794
            ],
            [
                -0.5280521512031555,
                0.6833333373069763,
                -0.5041988492012024
            ]
        ],
        [
            [
                0.9977648258209229,
                -4.474051407132862e-10,
                -0.066822849214077
            ],
            [
                -0.04343485087156296,
                0.75993412733078,
                -0.6485471129417419
            ],
            [
                0.050780970603227615,
                0.6499999761581421,
                0.7582355737686157
            ]
        ],
        [
            [
                -0.7808589339256287,
                1.310186892311549e-08,
                -0.6247074007987976
            ],
            [
                -0.3852362334728241,
                0.7872243523597717,
                0.48152968287467957
            ],
            [
                0.49178487062454224,
                0.6166666746139526,
                -0.6147111654281616
            ]
        ],
        [
            [
                0.15379731357097626,
                8.562163755776453e-10,
                0.9881024360656738
            ],
            [
                0.5763930082321167,
                0.8122328519821167,
                -0.08971507847309113
            ],
            [
                -0.8025692701339722,
                0.5833332538604736,
                0.12491922825574875
            ]
        ],
        [
            [
                0.5540482401847839,
                1.5050714452513603e-08,
                -0.8324845433235168
            ],
            [
                -0.45786651968955994,
                0.8351646661758423,
                -0.30472657084465027
            ],
            [
                0.6952616572380066,
                0.550000011920929,
                0.4627215564250946
            ]
        ],
        [
            [
                -0.9708731770515442,
                -1.4417789011289539e-11,
                0.2395939975976944
            ],
            [
                0.12379022687673569,
                0.8561866283416748,
                0.5016177892684937
            ],
            [
                -0.20513717830181122,
                0.5166666507720947,
                -0.8312486410140991
            ]
        ],
        [
            [
                0.8777350783348083,
                1.4287870442331041e-08,
                0.47914624214172363
            ],
            [
                0.23158732056617737,
                0.8754364252090454,
                -0.4242385923862457
            ],
            [
                -0.41946208477020264,
                0.4833332896232605,
                0.7684012651443481
            ]
        ],
        [
            [
                -0.3235558867454529,
                -1.7765469095820663e-09,
                -0.9462090730667114
            ],
            [
                -0.4257940948009491,
                0.8930285573005676,
                0.14560014009475708
            ],
            [
                0.8449917435646057,
                0.44999998807907104,
                -0.28894466161727905
            ]
        ],
        [
            [
                -0.4005749523639679,
                2.451342240306076e-09,
                0.916263997554779
            ],
            [
                0.3817766606807709,
                0.9090593457221985,
                0.1669062376022339
            ],
            [
                -0.8329383730888367,
                0.4166666567325592,
                -0.3641464412212372
            ]
        ],
        [
            [
                0.914298951625824,
                -1.2973081497946737e-09,
                -0.40504002571105957
            ],
            [
                -0.15526534616947174,
                0.9236100912094116,
                -0.3504812717437744
            ],
            [
                0.3740990459918976,
                0.38333332538604736,
                0.8444557189941406
            ]
        ],
        [
            [
                -0.947776198387146,
                -1.3810552701443157e-09,
                -0.31893616914749146
            ],
            [
                -0.11162766069173813,
                0.9367496967315674,
                0.3317216634750366
            ],
            [
                0.29876336455345154,
                0.3499999940395355,
                -0.887829065322876
            ]
        ],
        [
            [
                0.4834224283695221,
                4.1649106385932555e-09,
                0.8753872513771057
            ],
            [
                0.2772060036659241,
                0.9485368728637695,
                -0.15308377146720886
            ],
            [
                -0.8303371071815491,
                0.3166666626930237,
                0.45854395627975464
            ]
        ],
        [
            [
                0.23485495150089264,
                1.3855352420932832e-09,
                -0.9720304012298584
            ],
            [
                -0.27540862560272217,
                0.9590215086936951,
                -0.06654223799705505
            ],
            [
                0.9321980476379395,
                0.28333333134651184,
                0.22523094713687897
            ]
        ],
        [
            [
                -0.829771876335144,
                5.575126138523956e-09,
                0.5581026673316956
            ],
            [
                0.13952568173408508,
                0.9682458639144897,
                0.207442969083786
            ],
            [
                -0.5403806567192078,
                0.25,
                -0.8034231662750244
            ]
        ],
        [
            [
                0.9888409376144409,
                -9.117615551446079e-10,
                0.14897523820400238
            ],
            [
                0.032277967780828476,
                0.976245641708374,
                -0.2142488658428192
            ],
            [
                -0.14543642103672028,
                0.21666666865348816,
                0.9653516411781311
            ]
        ],
        [
            [
                -0.6285092234611511,
                3.323819885991952e-09,
                -0.7778021693229675
            ],
            [
                -0.14259709417819977,
                0.9830508232116699,
                0.11522670835256577
            ],
            [
                0.7646190524101257,
                0.1833333522081375,
                -0.617856502532959
            ]
        ],
        [
            [
                -0.06195468455553055,
                1.0019272078665153e-09,
                0.9980789422988892
            ],
            [
                0.14971184730529785,
                0.9886860251426697,
                0.009293203242123127
            ],
            [
                -0.9867867231369019,
                0.15000000596046448,
                -0.061253730207681656
            ]
        ],
        [
            [
                0.7198761105537415,
                3.3588956060981445e-09,
                -0.6941025853157043
            ],
            [
                -0.0809786319732666,
                0.9931711554527283,
                -0.08398554474115372
            ],
            [
                0.6893625855445862,
                0.11666665971279144,
                0.7149602174758911
            ]
        ],
        [
            [
                -0.9996737837791443,
                7.861609280235271e-11,
                0.025540314614772797
            ],
            [
                0.0021283593960106373,
                0.9965217113494873,
                0.08330614119768143
            ],
            [
                -0.025451477617025375,
                0.0833333283662796,
                -0.9961966276168823
            ]
        ],
        [
            [
                0.7543805837631226,
                1.318728459764884e-09,
                0.656437337398529
            ],
            [
                0.03282186761498451,
                0.9987491965293884,
                -0.03771902993321419
            ],
            [
                -0.655616283416748,
                0.05000000074505806,
                0.7534369826316833
            ]
        ],
        [
            [
                -0.1128397285938263,
                -1.3754164474022446e-10,
                -0.9936131834983826
            ],
            [
                -0.016560222953557968,
                0.9998611211776733,
                0.0018806623993441463
            ],
            [
                0.9934751987457275,
                0.01666666939854622,
                -0.11282406002283096
            ]
        ]
    ],
    "c2ws": [
        [
            [
                0.3623749017715454,
                0.9164985418319702,
                -0.16945457458496094,
                -0.6778182983398438
            ],
            [
                2.7452573547748216e-09,
                0.1818118840456009,
                0.9833332896232605,
                3.933333158493042
            ],
            [
                0.9320324063301086,
                -0.356335312128067,
                0.0658840611577034,
                0.2635362446308136
            ],
            [
                0.0,
                0.0,
                0.0,
                1.0
            ]
        ],
        [
            [
                -0.8967828154563904,
                -0.4203474223613739,
                0.1381615251302719,
                0.5526461005210876
            ],
            [
                -1.061558840831367e-08,
                0.31224989891052246,
                0.949999988079071,
                3.799999952316284
            ],
            [
                -0.4424709677696228,
                0.8519436717033386,
                -0.2800203561782837,
                -1.1200814247131348
            ],
            [
                0.0,
                0.0,
                0.0,
                1.0
            ]
        ],
        [
            [
                0.9601446390151978,
                -0.2562117874622345,
                0.11170441657304764,
                0.44681766629219055
            ],
            [
                -4.348823523514511e-09,
                0.3996526002883911,
                0.9166666269302368,
                3.6666665077209473
            ],
            [
                -0.2795037627220154,
                -0.8801325559616089,
                0.38372430205345154,
                1.5348972082138062
            ],
            [
                0.0,
                0.0,
                0.0,
                1.0
            ]
        ],
        [
            [
                -0.5191786289215088,
                0.7549546957015991,
                -0.40062060952186584,
                -1.6024824380874634
            ],
            [
                -2.7716653416831605e-09,
                0.4687453806400299,
                0.8833333253860474,
                3.5333333015441895
            ],
            [
                0.8546656966209412,
                0.4586077928543091,
                -0.24336259067058563,
                -0.9734503626823425
            ],
            [
                0.0,
                0.0,
                0.0,
                1.0
            ]
        ],
        [
            [
                -0.19449223577976227,
                -0.833768367767334,
                0.5167232751846313,
                2.0668931007385254
            ],
            [
                2.2057384807538938e-09,
                0.5267826914787292,
                0.8499999642372131,
                3.3999998569488525
            ],
            [
                -0.9809041023254395,
                0.16531836986541748,
                -0.10245513916015625,
                -0.409820556640625
            ],
            [
                0.0,
                0.0,
                0.0,
                1.0
            ]
        ],
        [
            [
                0.8060036301612854,
                0.4833936095237732,
                -0.3415972888469696,
                -1.3663891553878784
            ],
            [
                -2.9818867375297486e-09,
                0.577109694480896,
                0.8166666626930237,
                3.2666666507720947
            ],
            [
                0.5919105410575867,
                -0.6582363247871399,
                0.4651525020599365,
                1.860610008239746
            ],
            [
                0.0,
                0.0,
                0.0,
                1.0
            ]
        ],
        [
            [
                -0.9941518306732178,
                0.08459315448999405,
                -0.06712756305932999,
                -0.26851025223731995
            ],
            [
                5.925535173645358e-09,
                0.6216018199920654,
                0.7833333015441895,
                3.133333206176758
            ],
            [
                0.10799127072095871,
                0.7787522673606873,
                -0.6179665923118591,
                -2.4718663692474365
            ],
            [
                0.0,
                0.0,
                0.0,
                1.0
            ]
        ],
        [
            [
                0.6601095795631409,
                -0.5633769631385803,
                0.49685177206993103,
                1.9874070882797241
            ],
            [
                -3.0218458846320573e-09,
                0.6614378094673157,
                0.7500000596046448,
                3.000000238418579
            ],
            [
                -0.7511693239212036,
                -0.49508216977119446,
                0.43662142753601074,
                1.746485710144043
            ],
            [
                0.0,
                0.0,
                0.0,
                1.0
            ]
        ],
        [
            [
                0.020663324743509293,
                0.7165136337280273,
                -0.6972669959068298,
                -2.7890679836273193
            ],
            [
                1.3418638422635354e-10,
                0.6974158883094788,
                0.7166666388511658,
                2.866666555404663
            ],
            [
                0.9997864961624146,
                -0.0148087153211236,
                0.014410930685698986,
                0.057643722742795944
            ],
            [
                0.0,
                0.0,
                0.0,
                1.0
            ]
        ],
        [
            [
                -0.6905825734138489,
                -0.4942232668399811,
                0.5280521512031555,
                2.112208604812622
            ],
            [
                9.069530904071144e-09,
                0.7301065325737,
                0.6833333373069763,
                2.7333333492279053
            ],
            [
                -0.7232535481452942,
                0.4718981087207794,
                -0.5041988492012024,
                -2.0167953968048096
            ],
            [
                0.0,
                0.0,
                0.0,
                1.0
            ]
        ],
        [
            [
                0.9977648854255676,
                0.043434858322143555,
                -0.050780974328517914,
                -0.20312389731407166
            ],
            [
                3.8892272735679967e-10,
                0.7599342465400696,
                0.6500000357627869,
                2.6000001430511475
            ],
            [
                0.06682285666465759,
                -0.6485472321510315,
                0.7582356929779053,
                3.032942771911621
            ],
            [
                0.0,
                0.0,
                0.0,
                1.0
            ]
        ],
        [
            [
                -0.7808589339256287,
                0.3852362334728241,
                -0.4917849004268646,
                -1.9671396017074585
            ],
            [
                1.2488339251603975e-09,
                0.7872243523597717,
                0.6166666746139526,
                2.4666666984558105
            ],
            [
                0.6247074007987976,
                0.48152968287467957,
                -0.6147111654281616,
                -2.4588446617126465
            ],
            [
                0.0,
                0.0,
                0.0,
                1.0
            ]
        ],
        [
            [
                0.15379729866981506,
                -0.5763930678367615,
                0.8025693297386169,
                3.2102773189544678
            ],
            [
                -1.2694024720261154e-09,
                0.8122329711914062,
                0.5833333134651184,
                2.3333332538604736
            ],
            [
                -0.988102376461029,
                -0.08971509337425232,
                0.12491923570632935,
                0.4996769428253174
            ],
            [
                0.0,
                0.0,
                0.0,
                1.0
            ]
        ],
        [
            [
                0.5540482997894287,
                0.45786651968955994,
                -0.6952616572380066,
                -2.7810466289520264
            ],
            [
                -1.5050714452513603e-08,
                0.8351646065711975,
                0.550000011920929,
                2.200000047683716
            ],
            [
                0.8324845433235168,
                -0.3047265410423279,
                0.4627215266227722,
                1.8508861064910889
            ],
            [
                0.0,
                0.0,
                0.0,
                1.0
            ]
        ],
        [
            [
                -0.9708731770515442,
                -0.12379022687673569,
                0.20513717830181122,
                0.8205487132072449
            ],
            [
                1.4417780337672159e-11,
                0.8561866283416748,
                0.5166666507720947,
                2.066666603088379
            ],
            [
                -0.2395939975976944,
                0.5016177892684937,
                -0.8312486410140991,
                -3.3249945640563965
            ],
            [
                0.0,
                0.0,
                0.0,
                1.0
            ]
        ],
        [
            [
                0.8777350783348083,
                -0.23158732056617737,
                0.41946208477020264,
                1.6778483390808105
            ],
            [
                -2.8377993288586367e-09,
                0.8754364252090454,
                0.4833332896232605,
                1.933333158493042
            ],
            [
                -0.47914624214172363,
                -0.4242385923862457,
                0.7684012651443481,
                3.0736050605773926
            ],
            [
                0.0,
                0.0,
                0.0,
                1.0
            ]
        ],
        [
            [
                -0.3235558867454529,
                0.4257940649986267,
                -0.8449916839599609,
                -3.3799667358398438
            ],
            [
                5.7877542758433265e-09,
                0.8930285573005676,
                0.44999998807907104,
                1.7999999523162842
            ],
            [
                0.9462090730667114,
                0.14560014009475708,
                -0.28894463181495667,
                -1.1557785272598267
            ],
            [
                0.0,
                0.0,
                0.0,
                1.0
            ]
        ],
        [
            [
                -0.4005749821662903,
                -0.3817766308784485,
                0.8329383134841919,
                3.3317532539367676
            ],
            [
                -2.3214470346033522e-09,
                0.9090593457221985,
                0.4166666567325592,
                1.6666666269302368
            ],
            [
                -0.916263997554779,
                0.1669062227010727,
                -0.3641464114189148,
                -1.4565856456756592
            ],
            [
                0.0,
                0.0,
                0.0,
                1.0
            ]
        ],
        [
            [
                0.914298951625824,
                0.15526533126831055,
                -0.3740990459918976,
                -1.4963961839675903
            ],
            [
                -1.3704239132383833e-10,
                0.9236100316047668,
                0.38333332538604736,
                1.5333333015441895
            ],
            [
                0.40504002571105957,
                -0.350481241941452,
                0.8444557189941406,
                3.3778228759765625
            ],
            [
                0.0,
                0.0,
                0.0,
                1.0
            ]
        ],
        [
            [
                -0.947776198387146,
                0.11162766069173813,
                -0.29876336455345154,
                -1.1950534582138062
            ],
            [
                1.3810552701443157e-09,
                0.9367496967315674,
                0.3499999940395355,
                1.399999976158142
            ],
            [
                0.31893616914749146,
                0.3317216634750366,
                -0.887829065322876,
                -3.551316261291504
            ],
            [
                0.0,
                0.0,
                0.0,
                1.0
            ]
        ],
        [
            [
                0.48342233896255493,
                -0.2772059440612793,
                0.8303370475769043,
                3.321348190307617
            ],
            [
                3.7626166071724754e-10,
                0.9485368728637695,
                0.31666669249534607,
                1.2666667699813843
            ],
            [
                -0.8753871917724609,
                -0.15308375656604767,
                0.45854395627975464,
                1.8341758251190186
            ],
            [
                0.0,
                0.0,
                0.0,
                1.0
            ]
        ],
        [
            [
                0.23485496640205383,
                0.27540862560272217,
                -0.9321981072425842,
                -3.728792428970337
            ],
            [
                -1.2478533761850485e-09,
                0.9590214490890503,
                0.28333333134651184,
                1.1333333253860474
            ],
            [
                0.9720304608345032,
                -0.06654223799705505,
                0.22523096203804016,
                0.9009238481521606
            ],
            [
                0.0,
                0.0,
                0.0,
                1.0
            ]
        ],
        [
            [
                -0.829771876335144,
                -0.1395256668329239,
                0.540380597114563,
                2.161522388458252
            ],
            [
                2.869798398918988e-09,
                0.968245804309845,
                0.2499999850988388,
                0.9999999403953552
            ],
            [
                -0.5581027269363403,
                0.20744295418262482,
                -0.8034231662750244,
                -3.2136926651000977
            ],
            [
                0.0,
                0.0,
                0.0,
                1.0
            ]
        ],
        [
            [
                0.9888409376144409,
                -0.032277967780828476,
                0.14543642103672028,
                0.5817456841468811
            ],
            [
                9.117615551446079e-10,
                0.976245641708374,
                0.21666666865348816,
                0.8666666746139526
            ],
            [
                -0.14897523820400238,
                -0.2142488658428192,
                0.9653516411781311,
                3.8614065647125244
            ],
            [
                0.0,
                0.0,
                0.0,
                1.0
            ]
        ],
        [
            [
                -0.6285091638565063,
                0.14259706437587738,
                -0.764618992805481,
                -3.058475971221924
            ],
            [
                1.8175051463842351e-09,
                0.9830507636070251,
                0.1833333522081375,
                0.73333340883255
            ],
            [
                0.7778021097183228,
                0.11522669345140457,
                -0.6178564429283142,
                -2.471425771713257
            ],
            [
                0.0,
                0.0,
                0.0,
                1.0
            ]
        ],
        [
            [
                -0.06195468455553055,
                -0.14971184730529785,
                0.9867866635322571,
                3.9471466541290283
            ],
            [
                4.710075662828217e-10,
                0.9886859655380249,
                0.14999999105930328,
                0.5999999642372131
            ],
            [
                -0.9980790019035339,
                0.009293202310800552,
                -0.061253730207681656,
                -0.24501492083072662
            ],
            [
                0.0,
                0.0,
                0.0,
                1.0
            ]
        ],
        [
            [
                0.7198761105537415,
                0.0809786319732666,
                -0.689362645149231,
                -2.757450580596924
            ],
            [
                -3.0494458069796337e-09,
                0.9931710958480835,
                0.11666665971279144,
                0.46666663885116577
            ],
            [
                0.6941025257110596,
                -0.08398553729057312,
                0.7149601578712463,
                2.8598406314849854
            ],
            [
                0.0,
                0.0,
                0.0,
                1.0
            ]
        ],
        [
            [
                -0.9996737837791443,
                -0.002128359628841281,
                0.025451479479670525,
                0.1018059179186821
            ],
            [
                -6.460896401216942e-11,
                0.9965217709541321,
                0.0833333283662796,
                0.3333333134651184
            ],
            [
                -0.025540314614772797,
                0.08330614864826202,
                -0.9961966872215271,
                -3.9847867488861084
            ],
            [
                0.0,
                0.0,
                0.0,
                1.0
            ]
        ],
        [
            [
                0.7543805241584778,
                -0.03282186761498451,
                0.655616283416748,
                2.622465133666992
            ],
            [
                -1.318728459764884e-09,
                0.9987492561340332,
                0.05000000447034836,
                0.20000001788139343
            ],
            [
                -0.656437337398529,
                -0.03771902993321419,
                0.7534369826316833,
                3.0137479305267334
            ],
            [
                0.0,
                0.0,
                0.0,
                1.0
            ]
        ],
        [
            [
                -0.11283973604440689,
                0.016560222953557968,
                -0.9934751987457275,
                -3.97390079498291
            ],
            [
                1.3754164474022446e-10,
                0.9998610615730286,
                0.01666666939854622,
                0.06666667759418488
            ],
            [
                0.9936132431030273,
                0.0018806623993441463,
                -0.11282406002283096,
                -0.45129624009132385
            ],
            [
                0.0,
                0.0,
                0.0,
                1.0
            ]
        ]
    ],
    "dataset_type": "blender",
    "delaunay": true,
    "far": [
        4.446692160388706,
        4.547638612411161,
        4.661139430958471,
        4.74883367003741,
        4.796678957629239,
        4.920208085297781,
        4.681128281763466,
        5.059333352116596,
        4.885293961669455,
        5.045081733129385,
        4.90346526655008,
        5.0464490165297455,
        5.097807165031894,
        5.220360282018215,
        4.919782650607415,
        5.237267567582776,
        5.15527133089252,
        5.227824213184055,
        5.227506971090337,
        4.9965057754861455,
        5.356659307305555,
        5.220549576670928,
        5.199393248695273,
        5.117280318861585,
        5.248250099864556,
        5.1657001357609795,
        5.365591757063315,
        4.779949450245659,
        5.390721541947666,
        5.132397908486892
    ],
    "focal": 1250.0,
    "height": 800.0,
    "near": [
        3.612496150605597,
        3.474876416727226,
        3.4899731243334235,
        3.2616658684432913,
        3.2912202205914523,
        3.2336634347301425,
        3.2773320366903933,
        3.1375040428874215,
        3.1727742257264113,
        2.9798780615175167,
        3.328479743840309,
        2.902017654860372,
        3.058573427209001,
        2.921478833967906,
        3.005702696819476,
        3.0171945593675473,
        2.833621345715677,
        2.830904855593706,
        2.99324930268679,
        2.8700028596240834,
        2.8479245550889822,
        2.8467668672837365,
        2.7466280705198507,
        3.1439798931367022,
        2.6486815494924283,
        2.9152345704734386,
        2.7654308899508724,
        3.007866403174038,
        2.8002788746355614,
        2.800231799477005
    ],
    "num_layers": [
        16,
        16,
        16,
        16,
        16,
        16,
        16,
        16,
        16,
        16,
        16,
        16,
        16,
        16,
        16,
        16,
        16,
        16,
        16,
        16,
        16,
        16,
        16,
        16,
        16,
        16,
        16,
        16,
        16,
        16
    ],
    "num_sublayers": [
        12,
        12,
        12,
        12,
        12,
        12,
        12,
        12,
        12,
        12,
        12,
        12,
        12,
        12,
        12,
        12,
        12,
        12,
        12,
        12,
        12,
        12,
        12,
        12,
        12,
        12,
        12,
        12,
        12,
        12
    ],
    "offset": [
        112.0,
        112.0,
        112.0,
        112.0,
        112.0,
        112.0,
        112.0,
        112.0,
        112.0,
        112.0,
        112.0,
        112.0,
        112.0,
        112.0,
        112.0,
        112.0,
        112.0,
        112.0,
        112.0,
        112.0,
        112.0,
        112.0,
        112.0,
        112.0,
        112.0,
        112.0,
        112.0,
        112.0,
        112.0,
        112.0
    ],
    "planes": [
        [
            3.6124961376190186,
            3.6168453693389893,
            3.621194839477539,
            3.6255440711975098,
            3.6298933029174805,
            3.634242534637451,
            3.638592004776001,
            3.6429412364959717,
            3.6472904682159424,
            3.651639699935913,
            3.655989170074463,
            3.6603384017944336,
            3.6646878719329834,
            3.669036865234375,
            3.673386335372925,
            3.6777355670928955,
            3.6820850372314453,
            3.686434268951416,
            3.6907835006713867,
            3.6951327323913574,
            3.6994822025299072,
            3.703831434249878,
            3.7081809043884277,
            3.7125298976898193,
            3.716879367828369,
            3.72122859954834,
            3.7255780696868896,
            3.7299273014068604,
            3.734276533126831,
            3.7386257648468018,
            3.7429752349853516,
            3.7473244667053223,
            3.751673698425293,
            3.7560229301452637,
            3.7603724002838135,
            3.764721632003784,
            3.769071102142334,
            3.7734200954437256,
            3.7777695655822754,
            3.782118797302246,
            3.786468267440796,
            3.7908174991607666,
            3.7951667308807373,
            3.799515962600708,
            3.803865432739258,
            3.8082146644592285,
            3.8125641345977783,
            3.81691312789917,
            3.8212625980377197,
            3.8256118297576904,
            3.8299612998962402,
            3.834310531616211,
            3.8386597633361816,
            3.8430089950561523,
            3.847358465194702,
            3.851707696914673,
            3.8560569286346436,
            3.8604061603546143,
            3.864755630493164,
            3.8691048622131348,
            3.8734540939331055,
            3.877803325653076,
            3.882152795791626,
            3.8865020275115967,
            3.8908512592315674,
            3.895200490951538,
            3.899549961090088,
            3.9038991928100586,
            3.9082486629486084,
            3.91259765625,
            3.91694712638855,
            3.9212963581085205,
            3.9256458282470703,
            3.929995059967041,
            3.9343442916870117,
            3.9386935234069824,
            3.9430429935455322,
            3.947392225265503,
            3.9517416954040527,
            3.9560906887054443,
            3.960440158843994,
            3.964789390563965,
            3.9691388607025146,
            3.9734880924224854,
            3.977837324142456,
            3.9821865558624268,
            3.9865360260009766,
            3.9908852577209473,
            3.995234489440918,
            3.9995837211608887,
            4.003932952880859,
            4.008282661437988,
            4.012631893157959,
            4.01698112487793,
            4.0213303565979,
            4.025680065155029,
            4.030028820037842,
            4.0343780517578125,
            4.038727283477783,
            4.043076992034912,
            4.047426223754883,
            4.0517754554748535,
            4.056124687194824,
            4.060474395751953,
            4.064823627471924,
            4.0691728591918945,
            4.073521614074707,
            4.077871322631836,
            4.082220554351807,
            4.086569786071777,
            4.090919017791748,
            4.095268726348877,
            4.099617958068848,
            4.103967189788818,
            4.108316421508789,
            4.112666130065918,
            4.1170148849487305,
            4.121364116668701,
            4.125713348388672,
            4.130063056945801,
            4.1344122886657715,
            4.138761520385742,
            4.143110752105713,
            4.147460460662842,
            4.151809215545654,
            4.156158447265625,
            4.160507678985596,
            4.164857387542725,
            4.169206619262695,
            4.173555850982666,
